-2.915980760008096695e-03
-2.911646617576479912e-03
-2.898836042732000351e-03
-2.878095721825957298e-03
-2.850285731256008148e-03
-2.816461259499192238e-03
-2.777790185064077377e-03
-2.735442714765667915e-03
-2.690504770725965500e-03
-2.643937477841973305e-03
-2.596517559140920639e-03
-2.548862015828490257e-03
-2.501414390280842781e-03
-2.454490633681416512e-03
-2.408280503004789352e-03
-2.362905303016304970e-03
-2.318428130820393562e-03
-2.274865517392754555e-03
-2.232219558209180832e-03
-2.190477913245558739e-03
-2.149615902453660965e-03
-2.109611639752984047e-03
-2.070433693006634712e-03
-2.032065996900200844e-03
-1.994472229853272438e-03
-1.957635162398219109e-03
-1.921532442793250084e-03
-1.886138576082885265e-03
-1.851434353739023209e-03
-1.817401731386780739e-03
-1.784020918421447277e-03
-1.751271192915737629e-03
-1.719139749184250832e-03
-1.687606680206954479e-03
-1.656657084822654724e-03
-1.626276178285479546e-03
-1.596451387740671635e-03
-1.567169209010899067e-03
-1.538412529043853283e-03
-1.510172151029109955e-03
-1.482434920035302639e-03
-1.455189194530248642e-03
-1.428424613550305367e-03
-1.402131048962473869e-03
-1.376296044327318668e-03
-1.350910053588449955e-03
-1.325963996350765228e-03
-1.301451120525598526e-03
-1.277357572689652443e-03
-1.253679627552628517e-03
-1.230408903211355209e-03
-1.207532710395753384e-03
-1.185047905892133713e-03
-1.162944943644106388e-03
-1.141217420808970928e-03
-1.119859050959348679e-03
-1.098859938792884350e-03
-1.078216591849923134e-03
-1.057922490872442722e-03
-1.037969603203237057e-03
-1.018352806568145752e-03
-9.990674443542957306e-04
-9.801068808883428574e-04
-9.614646551199257374e-04
-9.431364014744758606e-04
-9.251176961697638035e-04
-9.074001573026180267e-04
-8.899837266653776169e-04
-8.728599059395492077e-04
-8.560245623812079430e-04
-8.394737378694117069e-04
-8.232027757912874222e-04
-8.072071941569447517e-04
-7.914812886156141758e-04
-7.760234875604510307e-04
-7.608273881487548351e-04
-7.458903128281235695e-04
-7.312062080018222332e-04
-7.167740841396152973e-04
-7.025878876447677612e-04
-6.886445917189121246e-04
-6.749413441866636276e-04
-6.614723242819309235e-04
-6.482360768131911755e-04
-6.352281197905540466e-04
-6.224451353773474693e-04
-6.098835729062557220e-04
-5.975405802018940449e-04
-5.854130140505731106e-04
-5.734967417083680630e-04
-5.617890856228768826e-04
-5.502877756953239441e-04
-5.389879806898534298e-04
-5.278887692838907242e-04
-5.169847863726317883e-04
-5.062749842181801796e-04
-4.957553464919328690e-04
-4.854245053138583899e-04
-4.752780077978968620e-04
-4.653141368180513382e-04
-4.555290797725319862e-04
-4.459212941583245993e-04
-4.364876949694007635e-04
-4.272255464456975460e-04
-4.181320837233215570e-04
-4.092053859494626522e-04
-4.004422808066010475e-04
-3.918406728189438581e-04
-3.833982045762240887e-04
-3.751120530068874359e-04
-3.669803845696151257e-04
-3.590000851545482874e-04
-3.511693794280290604e-04
-3.434859681874513626e-04
-3.359474649187177420e-04
-3.285514831077307463e-04
-3.212960145901888609e-04
-3.141787601634860039e-04
-3.071973333135247231e-04
-3.003504243679344654e-04
-2.936350938398391008e-04
-2.870498283300548792e-04
-2.805918047670274973e-04
-2.742598007898777723e-04
-2.680518082343041897e-04
-2.619648294057697058e-04
-2.559981658123433590e-04
-2.501494891475886106e-04
-2.444164711050689220e-04
-2.387975400779396296e-04
-2.332908188691362739e-04
-2.278946194564923644e-04
-2.226070791948586702e-04
-2.174260298488661647e-04
-2.123502345057204366e-04
-2.073777432087808847e-04
-2.025068533839657903e-04
-1.977356296265497804e-04
-1.930627331603318453e-04
-1.884864323073998094e-04
-1.840050535975024104e-04
-1.796170108718797565e-04
-1.753205287968739867e-04
-1.711143413558602333e-04
-1.669966295594349504e-04
-1.629660400794818997e-04
-1.590209576534107327e-04
-1.551600580569356680e-04
-1.513817842351272702e-04
-1.476845791330561042e-04
-1.440671039745211601e-04
-1.405279472237452865e-04
-1.370657701045274734e-04
-1.336791610810905695e-04
-1.303668832406401634e-04
-1.271270448341965675e-04
-1.239592966157943010e-04
-1.208616158692166209e-04
-1.178329694084823132e-04
-1.148720402852632105e-04
-1.119776570703834295e-04
-1.091486265067942441e-04
-1.063835225068032742e-04
-1.036815228872001171e-04
-1.010411142488010228e-04
-9.846137254498898983e-05
-9.594108996680006385e-05
-9.347917512059211731e-05
-9.107456571655347943e-05
-8.872602484188973904e-05
-8.643266482977196574e-05
-8.419340156251564622e-05
-8.200720913009718060e-05
-7.987298158695921302e-05
-7.778986037010326982e-05
-7.575673953397199512e-05
-7.377278961939737201e-05
-7.183702837210148573e-05
-6.994845898589119315e-05
-6.810625200159847736e-05
-6.630934512941166759e-05
-6.455711991293355823e-05
-6.284853589022532105e-05
-6.118277815403416753e-05
-5.955899905529804528e-05
-5.797639823867939413e-05
-5.643418626277707517e-05
-5.493158460012637079e-05
-5.346772377379238605e-05
-5.204193803365342319e-05
-5.065348523203283548e-05
-4.930157228955067694e-05
-4.798552618012763560e-05
-4.670464477385394275e-05
-4.545824049273505807e-05
-4.424564758664928377e-05
-4.306616756366565824e-05
-4.191920015728101134e-05
-4.080409053131006658e-05
-3.972021295339800417e-05
-3.866699626087211072e-05
-3.764383291127160192e-05
-3.665013355202972889e-05
-3.568534884834662080e-05
-3.474894401733763516e-05
-3.384035153430886567e-05
-3.295904753031209111e-05
-3.210455543012358248e-05
-3.127631862298585474e-05
-3.047394966415595263e-05
-2.969688102893996984e-05
-2.894465978897642344e-05
-2.821689486154355109e-05
-2.751310239546000957e-05
-2.683289676497224718e-05
-2.617583231767639518e-05
-2.554151251388248056e-05
-2.492957719368860126e-05
-2.433963527437299490e-05
-2.377130113018210977e-05
-2.322426917089615017e-05
-2.269817377964500338e-05
-2.219267844338901341e-05
-2.170746665797196329e-05
-2.124226739397272468e-05
-2.079675505228806287e-05
-2.037065678450744599e-05
-1.996370701817795634e-05
-1.957564563781488687e-05
-1.920621798490174115e-05
-1.885518759081605822e-05
-1.852233617682941258e-05
-1.820743273128755391e-05
-1.791030081221833825e-05
-1.763073305482976139e-05
-1.736853300826624036e-05
-1.712355151539668441e-05
-1.689560303930193186e-05
-1.668458207859657705e-05
-1.649029945838265121e-05
-1.631269151403103024e-05
-1.615156907064374536e-05
-1.600686664460226893e-05
-1.587848964845761657e-05
-1.576634167577140033e-05
-1.567035178595688194e-05
-1.559045813337434083e-05
-1.552660614834167063e-05
-1.547875581309199333e-05
-1.544687802379485220e-05
-1.543092548672575504e-05
-1.543092548672575504e-05
-1.544687802379485220e-05
-1.547875581309199333e-05
-1.552660614834167063e-05
-1.559045813337434083e-05
-1.567035178595688194e-05
-1.576634167577140033e-05
-1.587848964845761657e-05
-1.600686664460226893e-05
-1.615156907064374536e-05
-1.631269151403103024e-05
-1.649029945838265121e-05
-1.668458207859657705e-05
-1.689560303930193186e-05
-1.712355151539668441e-05
-1.736853300826624036e-05
-1.763073305482976139e-05
-1.791030081221833825e-05
-1.820743273128755391e-05
-1.852233617682941258e-05
-1.885518759081605822e-05
-1.920621798490174115e-05
-1.957564563781488687e-05
-1.996370701817795634e-05
-2.037065678450744599e-05
-2.079675505228806287e-05
-2.124226739397272468e-05
-2.170746665797196329e-05
-2.219267844338901341e-05
-2.269817377964500338e-05
-2.322426917089615017e-05
-2.377130113018210977e-05
-2.433963527437299490e-05
-2.492957719368860126e-05
-2.554151251388248056e-05
-2.617583231767639518e-05
-2.683289676497224718e-05
-2.751310239546000957e-05
-2.821689486154355109e-05
-2.894465978897642344e-05
-2.969688102893996984e-05
-3.047394966415595263e-05
-3.127631862298585474e-05
-3.210455543012358248e-05
-3.295904753031209111e-05
-3.384035153430886567e-05
-3.474894401733763516e-05
-3.568534884834662080e-05
-3.665013355202972889e-05
-3.764383291127160192e-05
-3.866699626087211072e-05
-3.972021295339800417e-05
-4.080409053131006658e-05
-4.191920015728101134e-05
-4.306616756366565824e-05
-4.424564758664928377e-05
-4.545824049273505807e-05
-4.670464477385394275e-05
-4.798552618012763560e-05
-4.930157228955067694e-05
-5.065348523203283548e-05
-5.204193803365342319e-05
-5.346772377379238605e-05
-5.493158460012637079e-05
-5.643418626277707517e-05
-5.797639823867939413e-05
-5.955899905529804528e-05
-6.118277815403416753e-05
-6.284853589022532105e-05
-6.455711991293355823e-05
-6.630934512941166759e-05
-6.810625200159847736e-05
-6.994845898589119315e-05
-7.183702837210148573e-05
-7.377278961939737201e-05
-7.575673953397199512e-05
-7.778986037010326982e-05
-7.987298158695921302e-05
-8.200720913009718060e-05
-8.419340156251564622e-05
-8.643266482977196574e-05
-8.872602484188973904e-05
-9.107456571655347943e-05
-9.347917512059211731e-05
-9.594108996680006385e-05
-9.846137254498898983e-05
-1.010411142488010228e-04
-1.036815228872001171e-04
-1.063835225068032742e-04
-1.091486265067942441e-04
-1.119776570703834295e-04
-1.148720402852632105e-04
-1.178329694084823132e-04
-1.208616158692166209e-04
-1.239592966157943010e-04
-1.271270448341965675e-04
-1.303668832406401634e-04
-1.336791610810905695e-04
-1.370657701045274734e-04
-1.405279472237452865e-04
-1.440671039745211601e-04
-1.476845791330561042e-04
-1.513817842351272702e-04
-1.551600580569356680e-04
-1.590209576534107327e-04
-1.629660400794818997e-04
-1.669966295594349504e-04
-1.711143413558602333e-04
-1.753205287968739867e-04
-1.796170108718797565e-04
-1.840050535975024104e-04
-1.884864323073998094e-04
-1.930627331603318453e-04
-1.977356296265497804e-04
-2.025068533839657903e-04
-2.073777432087808847e-04
-2.123502345057204366e-04
-2.174260298488661647e-04
-2.226070791948586702e-04
-2.278946194564923644e-04
-2.332908188691362739e-04
-2.387975400779396296e-04
-2.444164711050689220e-04
-2.501494891475886106e-04
-2.559981658123433590e-04
-2.619648294057697058e-04
-2.680518082343041897e-04
-2.742598007898777723e-04
-2.805918047670274973e-04
-2.870498283300548792e-04
-2.936350938398391008e-04
-3.003504243679344654e-04
-3.071973333135247231e-04
-3.141787601634860039e-04
-3.212960145901888609e-04
-3.285514831077307463e-04
-3.359474649187177420e-04
-3.434859681874513626e-04
-3.511693794280290604e-04
-3.590000851545482874e-04
-3.669803845696151257e-04
-3.751120530068874359e-04
-3.833982045762240887e-04
-3.918406728189438581e-04
-4.004422808066010475e-04
-4.092053859494626522e-04
-4.181320837233215570e-04
-4.272255464456975460e-04
-4.364876949694007635e-04
-4.459212941583245993e-04
-4.555290797725319862e-04
-4.653141368180513382e-04
-4.752780077978968620e-04
-4.854245053138583899e-04
-4.957553464919328690e-04
-5.062749842181801796e-04
-5.169847863726317883e-04
-5.278887692838907242e-04
-5.389879806898534298e-04
-5.502877756953239441e-04
-5.617890856228768826e-04
-5.734967417083680630e-04
-5.854130140505731106e-04
-5.975405802018940449e-04
-6.098835729062557220e-04
-6.224451353773474693e-04
-6.352281197905540466e-04
-6.482360768131911755e-04
-6.614723242819309235e-04
-6.749413441866636276e-04
-6.886445917189121246e-04
-7.025878876447677612e-04
-7.167740841396152973e-04
-7.312062080018222332e-04
-7.458903128281235695e-04
-7.608273881487548351e-04
-7.760234875604510307e-04
-7.914812886156141758e-04
-8.072071941569447517e-04
-8.232027757912874222e-04
-8.394737378694117069e-04
-8.560245623812079430e-04
-8.728599059395492077e-04
-8.899837266653776169e-04
-9.074001573026180267e-04
-9.251176961697638035e-04
-9.431364014744758606e-04
-9.614646551199257374e-04
-9.801068808883428574e-04
-9.990674443542957306e-04
-1.018352806568145752e-03
-1.037969603203237057e-03
-1.057922490872442722e-03
-1.078216591849923134e-03
-1.098859938792884350e-03
-1.119859050959348679e-03
-1.141217420808970928e-03
-1.162944943644106388e-03
-1.185047905892133713e-03
-1.207532710395753384e-03
-1.230408903211355209e-03
-1.253679627552628517e-03
-1.277357572689652443e-03
-1.301451120525598526e-03
-1.325963996350765228e-03
-1.350910053588449955e-03
-1.376296044327318668e-03
-1.402131048962473869e-03
-1.428424613550305367e-03
-1.455189194530248642e-03
-1.482434920035302639e-03
-1.510172151029109955e-03
-1.538412529043853283e-03
-1.567169209010899067e-03
-1.596451387740671635e-03
-1.626276178285479546e-03
-1.656657084822654724e-03
-1.687606680206954479e-03
-1.719139749184250832e-03
-1.751271192915737629e-03
-1.784020918421447277e-03
-1.817401731386780739e-03
-1.851434353739023209e-03
-1.886138576082885265e-03
-1.921532442793250084e-03
-1.957635162398219109e-03
-1.994472229853272438e-03
-2.032065996900200844e-03
-2.070433693006634712e-03
-2.109611639752984047e-03
-2.149615902453660965e-03
-2.190477913245558739e-03
-2.232219558209180832e-03
-2.274865517392754555e-03
-2.318428130820393562e-03
-2.362905303016304970e-03
-2.408280503004789352e-03
-2.454490633681416512e-03
-2.501414390280842781e-03
-2.548862015828490257e-03
-2.596517559140920639e-03
-2.643937477841973305e-03
-2.690504770725965500e-03
-2.735442714765667915e-03
-2.777790185064077377e-03
-2.816461259499192238e-03
-2.850285731256008148e-03
-2.878095721825957298e-03
-2.898836042732000351e-03
-2.911646617576479912e-03
